n nonC C 
1  0.  0.
2  0.  0.
3  0.  0.
4  0.  0.
5  0.  0.
6  0.  0.
7  0.  0.
8  0.  0.
9  0.  0.
10  0.  0.
20  0.  0.
30  0.  0.
40  0.  0.
50  0.  0.
60  0.  0.
70  0.  0.
80  0.  0.
90  0.  0.
100  0.  0.
200  0.  0.
300  0.  0.
400  0.  0.
500  0.  0.
600  0.  0.
700  0.  0.001
800  0.  0.001
900  0.000999999999999  0.
1000  0.  0.001
2000  0.000999999999998  0.001
3000  0.000999999999998  0.002
4000  0.001  0.003
5000  0.00200000000001  0.002
6000  0.00299999999999  0.005
7000  0.00299999999999  0.00400000000002
8000  0.00400000000002  0.00700000000001
9000  0.00400000000002  0.005
10000  0.005  0.00599999999997
20000  0.0119999999999  0.0160000000001
30000  0.0230000000001  0.0190000000002
40000  0.0190000000002  0.0280000000002
50000  0.023000000001  0.0379999999986

